Traceback (most recent call last):
  File "./Result/tf-38647/tf-38647-original.py", line 48, in <module>
    fx.test_random_flip_horizontal_half()
  File "./Result/tf-38647/tf-38647-original.py", line 43, in test_random_flip_horizontal_half
    self._run_test('horizontal', expected_output, mock_random)
  File "./Result/tf-38647/tf-38647-original.py", line 33, in _run_test
    self.assertAllClose(expected_output, actual_output)
  File "/root/.local/lib/python3.7/site-packages/tensorflow/python/framework/test_util.py", line 1151, in decorated
    return f(*args, **kwds)
  File "/root/.local/lib/python3.7/site-packages/tensorflow/python/framework/test_util.py", line 2496, in assertAllClose
    self._assertAllCloseRecursive(a, b, rtol=rtol, atol=atol, msg=msg)
  File "/root/.local/lib/python3.7/site-packages/tensorflow/python/framework/test_util.py", line 2463, in _assertAllCloseRecursive
    (path_str, path_str, msg)))
  File "/root/.local/lib/python3.7/site-packages/tensorflow/python/framework/test_util.py", line 2398, in _assertArrayLikeAllClose
    a, b, rtol=rtol, atol=atol, err_msg="\n".join(msgs), equal_nan=True)
  File "/root/anaconda3/envs/tf-38647-buggy/lib/python3.7/site-packages/numpy/testing/_private/utils.py", line 1533, in assert_allclose
    verbose=verbose, header=header, equal_nan=equal_nan)
  File "/root/anaconda3/envs/tf-38647-buggy/lib/python3.7/site-packages/numpy/testing/_private/utils.py", line 846, in assert_array_compare
    raise AssertionError(msg)
AssertionError: 
Not equal to tolerance rtol=1e-06, atol=1e-06
Mismatched value: a is different from b. 
not close where = (array([0, 0, 0, 0, 0, 0, 0, 0, 0, 0, 0, 0, 0, 0, 0, 0, 0, 0, 0, 0, 0, 0,
       0, 0, 0, 0, 0, 0, 0, 0, 0, 0, 0, 0, 0, 0, 0, 0, 0, 0, 0, 0, 0, 0,
       0, 0, 0, 0, 0, 0, 0, 0, 0, 0, 0, 0, 0, 0, 0, 0, 0, 0, 0, 0, 0, 0,
       0, 0, 0, 0, 0, 0, 0, 0, 0, 0, 0, 0, 0, 0, 0, 0, 0, 0, 0, 0, 0, 0,
       0, 0, 0, 0, 0, 0, 0, 0, 0, 0, 0, 0, 0, 0, 0, 0, 0, 0, 0, 0, 0, 0,
       0, 0, 0, 0, 0, 0, 0, 0, 0, 0]), array([0, 0, 0, 0, 0, 0, 0, 0, 0, 0, 0, 0, 0, 0, 0, 0, 0, 0, 0, 0, 0, 0,
       0, 0, 1, 1, 1, 1, 1, 1, 1, 1, 1, 1, 1, 1, 1, 1, 1, 1, 1, 1, 1, 1,
       1, 1, 1, 1, 2, 2, 2, 2, 2, 2, 2, 2, 2, 2, 2, 2, 2, 2, 2, 2, 2, 2,
       2, 2, 2, 2, 2, 2, 3, 3, 3, 3, 3, 3, 3, 3, 3, 3, 3, 3, 3, 3, 3, 3,
       3, 3, 3, 3, 3, 3, 3, 3, 4, 4, 4, 4, 4, 4, 4, 4, 4, 4, 4, 4, 4, 4,
       4, 4, 4, 4, 4, 4, 4, 4, 4, 4]), array([0, 0, 0, 1, 1, 1, 2, 2, 2, 3, 3, 3, 4, 4, 4, 5, 5, 5, 6, 6, 6, 7,
       7, 7, 0, 0, 0, 1, 1, 1, 2, 2, 2, 3, 3, 3, 4, 4, 4, 5, 5, 5, 6, 6,
       6, 7, 7, 7, 0, 0, 0, 1, 1, 1, 2, 2, 2, 3, 3, 3, 4, 4, 4, 5, 5, 5,
       6, 6, 6, 7, 7, 7, 0, 0, 0, 1, 1, 1, 2, 2, 2, 3, 3, 3, 4, 4, 4, 5,
       5, 5, 6, 6, 6, 7, 7, 7, 0, 0, 0, 1, 1, 1, 2, 2, 2, 3, 3, 3, 4, 4,
       4, 5, 5, 5, 6, 6, 6, 7, 7, 7]), array([0, 1, 2, 0, 1, 2, 0, 1, 2, 0, 1, 2, 0, 1, 2, 0, 1, 2, 0, 1, 2, 0,
       1, 2, 0, 1, 2, 0, 1, 2, 0, 1, 2, 0, 1, 2, 0, 1, 2, 0, 1, 2, 0, 1,
       2, 0, 1, 2, 0, 1, 2, 0, 1, 2, 0, 1, 2, 0, 1, 2, 0, 1, 2, 0, 1, 2,
       0, 1, 2, 0, 1, 2, 0, 1, 2, 0, 1, 2, 0, 1, 2, 0, 1, 2, 0, 1, 2, 0,
       1, 2, 0, 1, 2, 0, 1, 2, 0, 1, 2, 0, 1, 2, 0, 1, 2, 0, 1, 2, 0, 1,
       2, 0, 1, 2, 0, 1, 2, 0, 1, 2]))
not close lhs = [0.18780841 0.28816715 0.6702189  0.41610393 0.58425814 0.7601718
 0.78955835 0.7941186  0.36126158 0.12505792 0.9835486  0.44322488
 0.11527423 0.38627508 0.6285012  0.26194292 0.9760853  0.73281455
 0.45931688 0.32100055 0.5183928  0.26202467 0.15868397 0.2781265
 0.7893361  0.3497692  0.7025237  0.00290103 0.36922905 0.05867933
 0.12663478 0.37483418 0.6932194  0.73169005 0.993305   0.16287753
 0.50400704 0.5104709  0.01579145 0.18525094 0.9573592  0.42541465
 0.19919524 0.5316994  0.8323707  0.49964827 0.17856868 0.4131413
 0.9105783  0.3243579  0.7002984  0.6664646  0.9111224  0.16211742
 0.7599532  0.6714028  0.19044553 0.34093598 0.7228576  0.01089676
 0.9389826  0.9734594  0.49148154 0.25472414 0.01437786 0.08904507
 0.61023736 0.564519   0.99738914 0.4912291  0.9728723  0.8359679
 0.5594301  0.7573515  0.2361492  0.53282946 0.23751077 0.94650394
 0.4675161  0.9039272  0.6335486  0.7128875  0.8972476  0.42020833
 0.79302305 0.3515241  0.90965354 0.79192543 0.49339825 0.7239479
 0.46784598 0.4489645  0.3960646  0.26545033 0.5189586  0.17746799
 0.9150254  0.7255666  0.7724615  0.3491416  0.48475885 0.0482351
 0.6989568  0.35701948 0.0319251  0.99283177 0.2953702  0.3901675
 0.6136039  0.40747824 0.8539163  0.23384292 0.73644197 0.9342098
 0.125403   0.6836531  0.02768972 0.42975873 0.3941136  0.5107094 ]
not close rhs = [0.42975873 0.3941136  0.5107094  0.125403   0.6836531  0.02768972
 0.23384292 0.73644197 0.9342098  0.6136039  0.40747824 0.8539163
 0.99283177 0.2953702  0.3901675  0.6989568  0.35701948 0.0319251
 0.3491416  0.48475885 0.0482351  0.9150254  0.7255666  0.7724615
 0.26545033 0.5189586  0.17746799 0.46784598 0.4489645  0.3960646
 0.79192543 0.49339825 0.7239479  0.79302305 0.3515241  0.90965354
 0.7128875  0.8972476  0.42020833 0.4675161  0.9039272  0.6335486
 0.53282946 0.23751077 0.94650394 0.5594301  0.7573515  0.2361492
 0.4912291  0.9728723  0.8359679  0.61023736 0.564519   0.99738914
 0.25472414 0.01437786 0.08904507 0.9389826  0.9734594  0.49148154
 0.34093598 0.7228576  0.01089676 0.7599532  0.6714028  0.19044553
 0.6664646  0.9111224  0.16211742 0.9105783  0.3243579  0.7002984
 0.49964827 0.17856868 0.4131413  0.19919524 0.5316994  0.8323707
 0.18525094 0.9573592  0.42541465 0.50400704 0.5104709  0.01579145
 0.73169005 0.993305   0.16287753 0.12663478 0.37483418 0.6932194
 0.00290103 0.36922905 0.05867933 0.7893361  0.3497692  0.7025237
 0.26202467 0.15868397 0.2781265  0.45931688 0.32100055 0.5183928
 0.26194292 0.9760853  0.73281455 0.11527423 0.38627508 0.6285012
 0.12505792 0.9835486  0.44322488 0.78955835 0.7941186  0.36126158
 0.41610393 0.58425814 0.7601718  0.18780841 0.28816715 0.6702189 ]
not close dif = [0.24195032 0.10594645 0.15950948 0.2907009  0.09939498 0.7324821
 0.55571544 0.05767661 0.5729482  0.48854595 0.5760703  0.4106914
 0.8775575  0.09090489 0.23833367 0.43701386 0.6190658  0.70088947
 0.11017528 0.16375831 0.4701577  0.6530007  0.56688267 0.49433497
 0.5238857  0.16918942 0.5250557  0.46494496 0.07973546 0.3373853
 0.66529065 0.11856407 0.03072846 0.061333   0.6417809  0.746776
 0.20888048 0.3867767  0.4044169  0.28226516 0.05343199 0.20813397
 0.33363423 0.29418865 0.11413324 0.05978185 0.57878286 0.1769921
 0.41934922 0.6485144  0.13566947 0.05622727 0.3466034  0.8352717
 0.50522906 0.657025   0.10140046 0.59804666 0.25060183 0.48058477
 0.59804666 0.25060183 0.48058477 0.50522906 0.657025   0.10140046
 0.05622727 0.3466034  0.8352717  0.41934922 0.6485144  0.13566947
 0.05978185 0.57878286 0.1769921  0.33363423 0.29418865 0.11413324
 0.28226516 0.05343199 0.20813397 0.20888048 0.3867767  0.4044169
 0.061333   0.6417809  0.746776   0.66529065 0.11856407 0.03072846
 0.46494496 0.07973546 0.3373853  0.5238857  0.16918942 0.5250557
 0.6530007  0.56688267 0.49433497 0.11017528 0.16375831 0.4701577
 0.43701386 0.6190658  0.70088947 0.8775575  0.09090489 0.23833367
 0.48854595 0.5760703  0.4106914  0.55571544 0.05767661 0.5729482
 0.2907009  0.09939498 0.7324821  0.24195032 0.10594645 0.15950948]
not close tol = [1.4297588e-06 1.3941136e-06 1.5107094e-06 1.1254031e-06 1.6836532e-06
 1.0276897e-06 1.2338429e-06 1.7364420e-06 1.9342099e-06 1.6136039e-06
 1.4074783e-06 1.8539163e-06 1.9928318e-06 1.2953702e-06 1.3901675e-06
 1.6989568e-06 1.3570195e-06 1.0319251e-06 1.3491416e-06 1.4847589e-06
 1.0482350e-06 1.9150255e-06 1.7255666e-06 1.7724615e-06 1.2654504e-06
 1.5189587e-06 1.1774680e-06 1.4678460e-06 1.4489644e-06 1.3960646e-06
 1.7919253e-06 1.4933983e-06 1.7239479e-06 1.7930231e-06 1.3515241e-06
 1.9096535e-06 1.7128875e-06 1.8972476e-06 1.4202083e-06 1.4675161e-06
 1.9039272e-06 1.6335487e-06 1.5328294e-06 1.2375108e-06 1.9465040e-06
 1.5594301e-06 1.7573516e-06 1.2361492e-06 1.4912291e-06 1.9728723e-06
 1.8359679e-06 1.6102374e-06 1.5645189e-06 1.9973891e-06 1.2547241e-06
 1.0143779e-06 1.0890451e-06 1.9389827e-06 1.9734593e-06 1.4914815e-06
 1.3409360e-06 1.7228576e-06 1.0108968e-06 1.7599532e-06 1.6714027e-06
 1.1904456e-06 1.6664646e-06 1.9111224e-06 1.1621174e-06 1.9105782e-06
 1.3243579e-06 1.7002984e-06 1.4996483e-06 1.1785687e-06 1.4131413e-06
 1.1991953e-06 1.5316994e-06 1.8323707e-06 1.1852510e-06 1.9573592e-06
 1.4254147e-06 1.5040071e-06 1.5104708e-06 1.0157914e-06 1.7316900e-06
 1.9933050e-06 1.1628775e-06 1.1266347e-06 1.3748341e-06 1.6932195e-06
 1.0029011e-06 1.3692290e-06 1.0586793e-06 1.7893360e-06 1.3497693e-06
 1.7025237e-06 1.2620246e-06 1.1586840e-06 1.2781265e-06 1.4593169e-06
 1.3210006e-06 1.5183928e-06 1.2619429e-06 1.9760853e-06 1.7328146e-06
 1.1152742e-06 1.3862750e-06 1.6285012e-06 1.1250579e-06 1.9835486e-06
 1.4432248e-06 1.7895584e-06 1.7941186e-06 1.3612616e-06 1.4161039e-06
 1.5842581e-06 1.7601717e-06 1.1878084e-06 1.2881671e-06 1.6702188e-06]
dtype = float32, shape = (2, 5, 8, 3)
Mismatched elements: 120 / 240 (50%)
Max absolute difference: 0.8775575
Max relative difference: 160.2689
 x: array([[[[0.187808, 0.288167, 0.670219],
         [0.416104, 0.584258, 0.760172],
         [0.789558, 0.794119, 0.361262],...
 y: array([[[[0.429759, 0.394114, 0.510709],
         [0.125403, 0.683653, 0.02769 ],
         [0.233843, 0.736442, 0.93421 ],...
